              precision    recall  f1-score   support

           0      0.916     0.950     0.932      1381
           1      0.942     0.944     0.943      1575
           2      0.858     0.848     0.853      1398
           3      0.853     0.830     0.841      1428
           4      0.880     0.890     0.885      1365
           5      0.815     0.759     0.786      1263
           6      0.894     0.948     0.920      1375
           7      0.920     0.861     0.890      1459
           8      0.809     0.801     0.805      1365
           9      0.794     0.848     0.820      1391

    accuracy                          0.870     14000
   macro avg      0.868     0.868     0.868     14000
weighted avg      0.870     0.870     0.869     14000
