              precision    recall  f1-score   support

           0      0.877     0.906     0.891      1381
           1      0.904     0.932     0.918      1575
           2      0.838     0.826     0.832      1398
           3      0.827     0.769     0.797      1428
           4      0.844     0.900     0.871      1365
           5      0.715     0.728     0.722      1263
           6      0.905     0.903     0.904      1375
           7      0.900     0.890     0.895      1459
           8      0.736     0.724     0.730      1365
           9      0.836     0.807     0.821      1391

    accuracy                          0.841     14000
   macro avg      0.838     0.839     0.838     14000
weighted avg      0.841     0.841     0.840     14000
