              precision    recall  f1-score   support

           0      0.894     0.908     0.901      1381
           1      0.923     0.930     0.926      1575
           2      0.776     0.797     0.786      1398
           3      0.788     0.739     0.763      1428
           4      0.803     0.870     0.835      1365
           5      0.789     0.674     0.727      1263
           6      0.802     0.907     0.851      1375
           7      0.895     0.840     0.867      1459
           8      0.748     0.708     0.727      1365
           9      0.751     0.789     0.769      1391

    accuracy                          0.819     14000
   macro avg      0.817     0.816     0.815     14000
weighted avg      0.819     0.819     0.818     14000
