              precision    recall  f1-score   support

           0      0.934     0.950     0.942      1381
           1      0.942     0.961     0.951      1575
           2      0.881     0.858     0.869      1398
           3      0.860     0.861     0.860      1428
           4      0.890     0.909     0.900      1365
           5      0.840     0.794     0.816      1263
           6      0.913     0.945     0.929      1375
           7      0.918     0.916     0.917      1459
           8      0.837     0.825     0.831      1365
           9      0.861     0.857     0.859      1391

    accuracy                          0.889     14000
   macro avg      0.888     0.888     0.887     14000
weighted avg      0.889     0.889     0.889     14000
