              precision    recall  f1-score   support

           0      0.755     0.812     0.782      1381
           1      0.738     0.814     0.774      1575
           2      0.638     0.501     0.561      1398
           3      0.672     0.756     0.712      1428
           4      0.871     0.867     0.869      1365
           5      0.620     0.488     0.546      1263
           6      0.771     0.836     0.802      1375
           7      0.842     0.827     0.834      1459
           8      0.535     0.514     0.524      1365
           9      0.752     0.806     0.778      1391

    accuracy                          0.726     14000
   macro avg      0.719     0.722     0.718     14000
weighted avg      0.721     0.726     0.721     14000
