              precision    recall  f1-score   support

           0      0.911     0.944     0.927      1381
           1      0.915     0.935     0.925      1575
           2      0.860     0.793     0.825      1398
           3      0.823     0.812     0.818      1428
           4      0.799     0.863     0.830      1365
           5      0.731     0.713     0.722      1263
           6      0.897     0.903     0.900      1375
           7      0.893     0.873     0.883      1459
           8      0.741     0.730     0.736      1365
           9      0.817     0.823     0.820      1391

    accuracy                          0.841     14000
   macro avg      0.839     0.839     0.838     14000
weighted avg      0.841     0.841     0.841     14000
