              precision    recall  f1-score   support

           0      0.921     0.948     0.934      1381
           1      0.950     0.945     0.948      1575
           2      0.843     0.858     0.850      1398
           3      0.872     0.824     0.847      1428
           4      0.888     0.862     0.875      1365
           5      0.806     0.755     0.780      1263
           6      0.898     0.926     0.912      1375
           7      0.890     0.918     0.904      1459
           8      0.817     0.831     0.824      1365
           9      0.826     0.845     0.836      1391

    accuracy                          0.873     14000
   macro avg      0.871     0.871     0.871     14000
weighted avg      0.873     0.873     0.873     14000
