              precision    recall  f1-score   support

           0      0.906     0.941     0.923      1381
           1      0.927     0.940     0.933      1575
           2      0.839     0.866     0.853      1398
           3      0.854     0.846     0.850      1428
           4      0.866     0.888     0.877      1365
           5      0.866     0.700     0.774      1263
           6      0.880     0.926     0.902      1375
           7      0.937     0.871     0.903      1459
           8      0.802     0.823     0.812      1365
           9      0.810     0.866     0.837      1391

    accuracy                          0.869     14000
   macro avg      0.869     0.867     0.866     14000
weighted avg      0.870     0.869     0.868     14000
