              precision    recall  f1-score   support

           0      0.874     0.931     0.902      1381
           1      0.935     0.938     0.936      1575
           2      0.829     0.812     0.820      1398
           3      0.861     0.810     0.835      1428
           4      0.836     0.829     0.832      1365
           5      0.752     0.772     0.762      1263
           6      0.875     0.933     0.903      1375
           7      0.871     0.890     0.881      1459
           8      0.830     0.721     0.771      1365
           9      0.779     0.809     0.793      1391

    accuracy                          0.847     14000
   macro avg      0.844     0.844     0.844     14000
weighted avg      0.846     0.847     0.846     14000
