              precision    recall  f1-score   support

           0      0.838     0.864     0.851      1381
           1      0.835     0.896     0.864      1575
           2      0.789     0.785     0.787      1398
           3      0.675     0.786     0.726      1428
           4      0.797     0.870     0.832      1365
           5      0.431     0.230     0.300      1263
           6      0.810     0.921     0.862      1375
           7      0.788     0.755     0.771      1459
           8      0.548     0.567     0.557      1365
           9      0.754     0.705     0.729      1391

    accuracy                          0.744     14000
   macro avg      0.727     0.738     0.728     14000
weighted avg      0.731     0.744     0.734     14000
