              precision    recall  f1-score   support

           0      0.805     0.877     0.840      1381
           1      0.818     0.942     0.876      1575
           2      0.732     0.629     0.676      1398
           3      0.619     0.676     0.646      1428
           4      0.647     0.679     0.663      1365
           5      0.673     0.555     0.608      1263
           6      0.771     0.905     0.833      1375
           7      0.791     0.819     0.805      1459
           8      0.490     0.407     0.445      1365
           9      0.598     0.510     0.550      1391

    accuracy                          0.705     14000
   macro avg      0.694     0.700     0.694     14000
weighted avg      0.697     0.705     0.698     14000
