              precision    recall  f1-score   support

           0      0.904     0.949     0.926      1381
           1      0.942     0.963     0.952      1575
           2      0.874     0.847     0.860      1398
           3      0.855     0.796     0.825      1428
           4      0.890     0.881     0.885      1365
           5      0.792     0.755     0.773      1263
           6      0.929     0.931     0.930      1375
           7      0.930     0.881     0.905      1459
           8      0.810     0.861     0.835      1365
           9      0.807     0.864     0.835      1391

    accuracy                          0.875     14000
   macro avg      0.873     0.873     0.872     14000
weighted avg      0.875     0.875     0.874     14000
