              precision    recall  f1-score   support

           0      0.898     0.920     0.909      1381
           1      0.927     0.920     0.924      1575
           2      0.847     0.743     0.792      1398
           3      0.787     0.814     0.800      1428
           4      0.829     0.893     0.860      1365
           5      0.792     0.658     0.719      1263
           6      0.841     0.911     0.875      1375
           7      0.905     0.899     0.902      1459
           8      0.728     0.785     0.756      1365
           9      0.845     0.844     0.844      1391

    accuracy                          0.842     14000
   macro avg      0.840     0.839     0.838     14000
weighted avg      0.842     0.842     0.840     14000
