              precision    recall  f1-score   support

           0      0.848     0.847     0.848      1381
           1      0.755     0.898     0.820      1575
           2      0.663     0.767     0.711      1398
           3      0.772     0.643     0.702      1428
           4      0.833     0.849     0.841      1365
           5      0.611     0.387     0.474      1263
           6      0.697     0.860     0.770      1375
           7      0.821     0.855     0.838      1459
           8      0.672     0.556     0.608      1365
           9      0.763     0.770     0.767      1391

    accuracy                          0.749     14000
   macro avg      0.744     0.743     0.738     14000
weighted avg      0.745     0.749     0.742     14000
