              precision    recall  f1-score   support

           0      0.908     0.927     0.917      1381
           1      0.890     0.938     0.913      1575
           2      0.851     0.823     0.837      1398
           3      0.803     0.844     0.823      1428
           4      0.886     0.862     0.874      1365
           5      0.784     0.759     0.772      1263
           6      0.849     0.925     0.885      1375
           7      0.881     0.875     0.878      1459
           8      0.801     0.707     0.751      1365
           9      0.824     0.815     0.819      1391

    accuracy                          0.850     14000
   macro avg      0.848     0.848     0.847     14000
weighted avg      0.849     0.850     0.849     14000
