              precision    recall  f1-score   support

           0      0.905     0.948     0.926      1381
           1      0.951     0.931     0.941      1575
           2      0.823     0.858     0.840      1398
           3      0.857     0.851     0.854      1428
           4      0.851     0.889     0.870      1365
           5      0.846     0.750     0.795      1263
           6      0.912     0.935     0.923      1375
           7      0.906     0.876     0.891      1459
           8      0.808     0.829     0.818      1365
           9      0.820     0.809     0.814      1391

    accuracy                          0.869     14000
   macro avg      0.868     0.867     0.867     14000
weighted avg      0.869     0.869     0.869     14000
