              precision    recall  f1-score   support

           0      0.926     0.939     0.933      1381
           1      0.945     0.947     0.946      1575
           2      0.858     0.861     0.860      1398
           3      0.884     0.797     0.838      1428
           4      0.878     0.905     0.891      1365
           5      0.808     0.768     0.787      1263
           6      0.893     0.947     0.919      1375
           7      0.920     0.891     0.905      1459
           8      0.817     0.848     0.832      1365
           9      0.826     0.852     0.839      1391

    accuracy                          0.877     14000
   macro avg      0.876     0.876     0.875     14000
weighted avg      0.877     0.877     0.877     14000
