              precision    recall  f1-score   support

           0      0.980     0.980     0.980      1381
           1      0.992     0.978     0.985      1575
           2      0.964     0.964     0.964      1398
           3      0.962     0.946     0.954      1428
           4      0.967     0.969     0.968      1365
           5      0.945     0.959     0.952      1263
           6      0.971     0.983     0.977      1375
           7      0.965     0.964     0.964      1459
           8      0.947     0.950     0.949      1365
           9      0.945     0.948     0.946      1391

    accuracy                          0.964     14000
   macro avg      0.964     0.964     0.964     14000
weighted avg      0.964     0.964     0.964     14000
