              precision    recall  f1-score   support

           0      0.915     0.941     0.928      1381
           1      0.929     0.929     0.929      1575
           2      0.850     0.788     0.818      1398
           3      0.819     0.825     0.822      1428
           4      0.802     0.889     0.843      1365
           5      0.756     0.679     0.716      1263
           6      0.883     0.912     0.897      1375
           7      0.903     0.916     0.909      1459
           8      0.701     0.722     0.711      1365
           9      0.846     0.801     0.823      1391

    accuracy                          0.843     14000
   macro avg      0.840     0.840     0.840     14000
weighted avg      0.843     0.843     0.842     14000
