              precision    recall  f1-score   support

           0      0.792     0.828     0.809      1381
           1      0.703     0.931     0.801      1575
           2      0.629     0.598     0.613      1398
           3      0.624     0.421     0.503      1428
           4      0.593     0.630     0.611      1365
           5      0.582     0.507     0.542      1263
           6      0.670     0.845     0.748      1375
           7      0.732     0.875     0.797      1459
           8      0.508     0.425     0.463      1365
           9      0.575     0.417     0.483      1391

    accuracy                          0.653     14000
   macro avg      0.641     0.648     0.637     14000
weighted avg      0.643     0.653     0.640     14000
